1 0.4251220226287842
1 0.04013395309448242
1 0.04170989990234375
1 0.04158902168273926
1 0.0411839485168457
1 0.04381990432739258
1 0.04070901870727539
1 0.04237198829650879
1 0.04088616371154785
1 0.04070591926574707
1 0.04025125503540039
1 0.040847063064575195
1 0.041214942932128906
1 0.04091286659240723
1 0.04133915901184082
1 0.047384023666381836
1 0.040596961975097656
1 0.0414888858795166
1 0.04133486747741699
1 0.042768239974975586
1 0.04567217826843262
1 0.04520869255065918
1 0.04232501983642578
1 0.04251909255981445
1 0.03989982604980469
1 0.050144195556640625
1 0.04429006576538086
1 0.044610023498535156
1 0.044895172119140625
1 0.043009042739868164
1 0.04460406303405762
1 0.03866386413574219
1 0.038648128509521484
1 0.03796792030334473
1 0.038854122161865234
1 0.04789996147155762
1 0.03870105743408203
1 0.039647817611694336
1 0.040679931640625
1 0.04210686683654785
1 0.040168046951293945
1 0.03981590270996094
1 0.04136323928833008
1 0.049952030181884766
1 0.05667519569396973
1 0.058084964752197266
1 0.09286665916442871
1 0.03988480567932129
1 0.05230283737182617
1 0.0656588077545166
1 0.05120706558227539
1 0.053687095642089844
1 0.04963088035583496
1 0.05032086372375488
1 0.050763845443725586
1 0.05417323112487793
1 0.05872607231140137
1 0.055536746978759766
1 0.04985499382019043
1 0.045117855072021484
1 0.04165983200073242
1 0.04841780662536621
1 0.04668712615966797
1 0.04175305366516113
1 0.04450583457946777
1 0.04079294204711914
1 0.04752922058105469
1 0.04132986068725586
1 0.0408482551574707
1 0.04102802276611328
1 0.04055476188659668
1 0.05034804344177246
1 0.0655970573425293
1 0.04475688934326172
1 0.04134774208068848
1 0.04224419593811035
1 0.04489541053771973
1 0.03949618339538574
1 0.04145503044128418
1 0.040901899337768555
1 0.04154706001281738
1 0.03932595252990723
1 0.03953194618225098
1 0.03977489471435547
1 0.03931713104248047
1 0.03996419906616211
1 0.04643821716308594
1 0.04047536849975586
1 0.03876304626464844
1 0.040389060974121094
1 0.03774905204772949
1 0.04012584686279297
1 0.03955507278442383
1 0.03950214385986328
1 0.0387570858001709
1 0.04049181938171387
1 0.04792499542236328
1 0.047421932220458984
1 0.04677724838256836
1 0.04168581962585449
1 0.04111886024475098
1 0.04202914237976074
1 0.03867030143737793
1 0.03946185111999512
1 0.04161405563354492
1 0.04267120361328125
1 0.046620845794677734
1 0.039047956466674805
1 0.04145693778991699
1 0.06475281715393066
1 0.04226207733154297
1 0.047883033752441406
1 0.04694509506225586
1 0.043953895568847656
1 0.044020891189575195
1 0.04080533981323242
1 0.046936988830566406
1 0.04452705383300781
1 0.044558048248291016
1 0.05980181694030762
1 0.04178285598754883
1 0.03941988945007324
1 0.042717933654785156
1 0.042285919189453125
1 0.04193711280822754
1 0.043650150299072266
0 0.047361135482788086
0 0.04121804237365723
0 0.039859771728515625
0 0.03926825523376465
0 0.04122805595397949
0 0.04188680648803711
0 0.04433083534240723
1 0.052546024322509766
1 0.05487489700317383
1 0.05728888511657715
1 0.06534218788146973
1 0.0519101619720459
1 0.05164504051208496
1 0.04718804359436035
1 0.038832902908325195
1 0.04024910926818848
1 0.04661989212036133
1 0.05320096015930176
1 0.05185413360595703
1 0.052278995513916016
1 0.06204581260681152
1 0.05172586441040039
1 0.049533843994140625
1 0.04131317138671875
1 0.04290199279785156
1 0.0402979850769043
1 0.04094099998474121
1 0.04480409622192383
1 0.039515018463134766
1 0.0406339168548584
1 0.04637622833251953
1 0.04217982292175293
1 0.04149818420410156
1 0.04489922523498535
1 0.045979976654052734
1 0.04383206367492676
1 0.043283939361572266
1 0.042363882064819336
0 0.0404970645904541
0 0.04314994812011719
0 0.04746890068054199
0 0.04081892967224121
0 0.040274858474731445
0 0.09211516380310059
0 0.04424905776977539
0 0.043428897857666016
0 0.046183109283447266
0 0.041876792907714844
0 0.03927969932556152
0 0.040055036544799805
0 0.04680585861206055
0 0.039131879806518555
0 0.04275989532470703
0 0.03992819786071777
0 0.04008603096008301
0 0.037925004959106445
0 0.040374755859375
0 0.03898477554321289
0 0.039456844329833984
0 0.038542747497558594
0 0.043105125427246094
0 0.03748512268066406
0 0.03972196578979492
0 0.03757119178771973
0 0.04040718078613281
0 0.040479183197021484
0 0.05016493797302246
0 0.052687883377075195
0 0.0528111457824707
0 0.05335807800292969
0 0.05657029151916504
0 0.049612998962402344
0 0.04361891746520996
0 0.043215036392211914
0 0.0500640869140625
0 0.048352956771850586
0 0.04131889343261719
0 0.04166412353515625
0 0.039795875549316406
0 0.03803300857543945
0 0.04523730278015137
0 0.03936171531677246
0 0.03975081443786621
0 0.040145158767700195
0 0.04236102104187012
0 0.045536041259765625
0 0.04036307334899902
0 0.0417017936706543
0 0.04319119453430176
0 0.04081892967224121
0 0.04483604431152344
0 0.03892111778259277
0 0.0380558967590332
0 0.03951907157897949
0 0.04016518592834473
0 0.0412290096282959
0 0.03901791572570801
0 0.04045987129211426
0 0.040174245834350586
0 0.03959298133850098
0 0.04621005058288574
0 0.04062199592590332
0 0.048174142837524414
0 0.045020103454589844
0 0.04285001754760742
0 0.041045188903808594
0 0.03964686393737793
0 0.03913593292236328
0 0.03853416442871094
0 0.039527177810668945
0 0.04537701606750488
0 0.043263912200927734
0 0.04614877700805664
0 0.050498247146606445
0 0.05018305778503418
0 0.04968118667602539
0 0.04858684539794922
0 0.047208309173583984
0 0.049080610275268555
0 0.04729819297790527
0 0.05324602127075195
0 0.049386024475097656
0 0.04986691474914551
0 0.04781508445739746
0 0.04644608497619629
0 0.04732108116149902
0 0.04903602600097656
0 0.04758191108703613
0 0.0461580753326416
0 0.04215407371520996
0 0.05302882194519043
0 0.048280954360961914
0 0.04749894142150879
0 0.043354034423828125
0 0.03985118865966797
0 0.03937721252441406
0 0.03990817070007324
0 0.03974604606628418
0 0.03975176811218262
0 0.04323410987854004
0 0.056799888610839844
0 0.04957890510559082
0 0.05013418197631836
0 0.04748702049255371
0 0.03961324691772461
0 0.040049076080322266
1 0.038099050521850586
1 0.03934001922607422
0 0.040315866470336914
0 0.03866219520568848
0 0.047445058822631836
0 0.038496971130371094
0 0.03884100914001465
0 0.04065895080566406
0 0.04161405563354492
0 0.03986310958862305
0 0.040940046310424805
0 0.03921103477478027
0 0.04001498222351074
0 0.03986692428588867
0 0.04884600639343262
0 0.046154022216796875
0 0.04422402381896973
0 0.039098262786865234
0 0.039990901947021484
0 0.0393977165222168
0 0.041352272033691406
0 0.04722714424133301
0 0.050631046295166016
0 0.04585695266723633
0 0.05077624320983887
1 0.042793989181518555
1 0.04264402389526367
1 0.03988313674926758
1 0.03933000564575195
0 0.038655996322631836
0 0.04182910919189453
0 0.04572606086730957
0 0.04053497314453125
0 0.049363136291503906
0 0.04804110527038574
0 0.040470123291015625
0 0.04033398628234863
0 0.04020404815673828
0 0.04135894775390625
1 0.040315866470336914
1 0.04187798500061035
1 0.039035797119140625
1 0.039335012435913086
1 0.04026007652282715
1 0.04733896255493164
1 0.04109811782836914
1 0.04128289222717285
1 0.04460310935974121
1 0.04434800148010254
1 0.04050707817077637
1 0.04246091842651367
1 0.043527841567993164
0 0.042504072189331055
0 0.040876150131225586
1 0.04979515075683594
1 0.04691815376281738
1 0.04928421974182129
1 0.04420828819274902
1 0.04523015022277832
1 0.04300117492675781
1 0.03995990753173828
1 0.04135298728942871
1 0.03789710998535156
1 0.03987312316894531
1 0.04680204391479492
1 0.0399470329284668
1 0.040778160095214844
1 0.0406498908996582
1 0.040801048278808594
1 0.03864336013793945
0 0.03949999809265137
0 0.0393679141998291
0 0.041676998138427734
0 0.040180206298828125
0 0.044998884201049805
0 0.03974103927612305
0 0.03911089897155762
0 0.03983807563781738
1 0.042871713638305664
1 0.04826807975769043
0 0.04074811935424805
1 0.04348897933959961
1 0.04765582084655762
0 0.05131888389587402
1 0.06029105186462402
1 0.05004096031188965
1 0.0404820442199707
0 0.03998112678527832
1 0.04994916915893555
0 0.05035996437072754
1 0.04452204704284668
1 0.0403900146484375
0 0.03848719596862793
1 0.04116988182067871
1 0.049154043197631836
1 0.041201114654541016
1 0.04044914245605469
1 0.039887189865112305
1 0.0411069393157959
0 0.039839982986450195
1 0.0456089973449707
0 0.046872854232788086
1 0.04113292694091797
1 0.04044079780578613
1 0.045979976654052734
1 0.04029393196105957
1 0.04147934913635254
1 0.04216718673706055
1 0.041686058044433594
1 0.04111170768737793
1 0.041135311126708984
1 0.042144060134887695
1 0.041851043701171875
1 0.04077911376953125
1 0.04700970649719238
1 0.037995100021362305
1 0.0391697883605957
1 0.038485050201416016
1 0.03914308547973633
1 0.038968801498413086
1 0.038796186447143555
1 0.03969216346740723
1 0.040930986404418945
1 0.04288887977600098
0 0.047074079513549805
0 0.04012417793273926
0 0.039794921875
0 0.04142165184020996
1 0.03902792930603027
1 0.0418088436126709
1 0.04596400260925293
1 0.04574179649353027
1 0.0419611930847168
1 0.04081296920776367
1 0.04851484298706055
1 0.043431758880615234
1 0.04523777961730957
0 0.04631924629211426
1 0.04326486587524414
1 0.040944814682006836
1 0.04182291030883789
1 0.040512800216674805
1 0.04150891304016113
1 0.04383492469787598
1 0.04886007308959961
1 0.04381299018859863
1 0.040042877197265625
0 0.042896270751953125
0 0.04272294044494629
0 0.04256415367126465
0 0.04255414009094238
0 0.04315376281738281
0 0.04278302192687988
0 0.04145693778991699
1 0.046160221099853516
1 0.041735172271728516
1 0.042642831802368164
1 0.04406619071960449
0 0.039198875427246094
0 0.03954291343688965
0 0.03879213333129883
0 0.041243791580200195
0 0.04451107978820801
0 0.039361000061035156
0 0.04775190353393555
0 0.04149889945983887
0 0.05036497116088867
0 0.04021906852722168
0 0.04113316535949707
0 0.039843082427978516
1 0.04055285453796387
0 0.04148077964782715
0 0.040762901306152344
0 0.04405498504638672
0 0.04889702796936035
0 0.03979206085205078
0 0.03859090805053711
0 0.04316210746765137
