non_obs/05.12.2019-11.28.50_7992.jpg 0  1.95138814 -0.93169135 0.30909547 1.02858254 -0.67474807 -1.45851008
non_obs/05.12.2019-11.28.50_8002.jpg 0  -0.58386057 0.33998097 0.01164593 0.43621845 -0.68158518 -0.82726714
non_obs/05.12.2019-11.28.50_8009.jpg 0  -0.90389059 -0.42229644 0.21391162 -0.19491292 -0.96279858 0.83609984
non_obs/05.12.2019-11.28.50_8012.jpg 0  1.08709881 -0.62315049 -1.30393090 -0.02167855 -0.93396380 0.56101691
non_obs/05.12.2019-11.28.50_8016.jpg 0  -0.62481886 -0.13674491 1.27793112 -0.28573913 1.40135593 1.04136641
non_obs/05.12.2019-11.28.50_8029.jpg 0  -0.90250218 0.58560369 -0.33509525 0.00025266 0.74410135 -1.13130617
non_obs/05.12.2019-11.28.50_8031.jpg 0  0.19712377 -0.09439616 0.95838533 0.07202752 0.80058185 0.67651957
non_obs/05.12.2019-11.28.50_8034.jpg 0  1.52236741 0.58076383 0.40937846 0.46656770 0.58238879 -0.47335927
non_obs/05.12.2019-11.28.50_8036.jpg 0  -0.94346047 0.30610197 -0.94529174 -0.16589284 0.05414755 2.01943906
obs/03.12.2019-14.43.52_2242.jpg 1  -0.72617327 -0.01574849 -0.87560356 -2.54044432 1.68583925 -2.32783650
obs/03.12.2019-14.43.52_2243.jpg 1  -1.01912917 0.51300584 -1.62857583 -0.50217133 3.31634188 -1.51481361
obs/03.12.2019-14.43.52_2244.jpg 1  0.96283552 2.20453571 -0.71583066 -0.65856963 0.42364888 -1.66216797
obs/03.12.2019-14.43.52_2246.jpg 1  0.38456001 1.45435794 -0.10053504 0.21668486 -0.47587728 -0.52065423
obs/03.12.2019-14.43.52_2247.jpg 1  -1.09202104 1.76773866 -0.19231947 -0.08282009 0.04017606 -0.62007017
obs/03.12.2019-14.43.52_2248.jpg 1  -0.98511297 1.96738274 -0.05974196 -0.06620554 -0.53860035 0.95803719
obs/03.12.2019-14.43.52_2249.jpg 1  0.10132302 1.03692031 1.14365390 0.55340641 -1.12688927 6.29786345
obs/03.12.2019-14.43.52_2250.jpg 1  1.89168622 -0.20934275 -0.87050442 -0.55267956 1.13292495 4.23683272
obs/03.12.2019-14.43.52_2251.jpg 1  0.61364875 -1.14827493 -3.12092267 -0.83556997 0.33476642 1.14753877
