1 0.9352 0.9712
2 0.971 0.9354
3 0.978 0.9394
4 0.9804 0.9742
5 0.9846 0.9808
6 0.9854 0.9808
7 0.9868 0.9803
8 0.9869 0.9798
9 0.988 0.9793
10 0.9894 0.9758
11 0.9877 0.9742
12 0.9867 0.9818
13 0.9882 0.9788
14 0.9902 0.9854
15 0.9897 0.9788
16 0.9893 0.9833
17 0.9887 0.9732
18 0.9915 0.9813
19 0.9924 0.9838
20 0.9908 0.9813
21 0.9914 0.9828
22 0.9931 0.9823
23 0.9928 0.9808
24 0.9928 0.9793
25 0.9949 0.9818
26 0.992 0.9747
27 0.9931 0.9828
28 0.9933 0.9793
29 0.9937 0.9788
30 0.9911 0.9833
31 0.9935 0.9813
32 0.9928 0.9833
33 0.9935 0.9823
34 0.9946 0.9823
35 0.9949 0.9783
36 0.9947 0.9803
37 0.9944 0.9747
38 0.9939 0.9828
39 0.995 0.9818
40 0.9956 0.9808
41 0.9936 0.9818
42 0.9943 0.9823
43 0.995 0.9813
44 0.9967 0.9753
45 0.9939 0.9793
46 0.9957 0.9737
47 0.996 0.9798
48 0.9956 0.9788
49 0.9949 0.9778
50 0.9941 0.9869
51 0.9962 0.9818
52 0.996 0.9859
53 0.9947 0.9848
54 0.9956 0.9848
55 0.9967 0.9859
56 0.9951 0.9813
57 0.9947 0.9818
58 0.9963 0.9843
59 0.9967 0.9854
60 0.9951 0.9737
61 0.9955 0.9798
62 0.9949 0.9813
63 0.9968 0.9788
64 0.9963 0.9848
65 0.9956 0.9859
66 0.9956 0.9848
67 0.9956 0.9843
68 0.9953 0.9843
69 0.9967 0.9854
70 0.9956 0.9843
71 0.9955 0.9864
72 0.9967 0.9833
73 0.9956 0.9818
74 0.9967 0.9843
75 0.9964 0.9697
76 0.9958 0.9808
77 0.9959 0.9758
78 0.9963 0.9854
79 0.9957 0.9808
80 0.9954 0.9783
81 0.9957 0.9803
82 0.9965 0.9818
83 0.9968 0.9823
84 0.9961 0.9823
85 0.9974 0.9813
86 0.9963 0.9838
87 0.996 0.9833
88 0.9971 0.9833
89 0.9972 0.9813
90 0.9959 0.9843
91 0.997 0.9828
92 0.9966 0.9808
93 0.9966 0.9818
94 0.9976 0.9813
95 0.9964 0.9823
96 0.9974 0.9808
97 0.9977 0.9843
98 0.9958 0.9823
99 0.9965 0.9828
100 0.997 0.9843
101 0.9979 0.9838
102 0.9981 0.9833
103 0.998 0.9838
104 0.9981 0.9838
105 0.998 0.9843
106 0.9983 0.9843
107 0.9984 0.9838
108 0.9985 0.9833
109 0.9986 0.9838
110 0.9988 0.9828
111 0.9987 0.9828
112 0.9986 0.9833
113 0.9988 0.9843
114 0.9989 0.9848
115 0.9987 0.9848
116 0.9987 0.9848
117 0.9988 0.9843
118 0.9988 0.9843
119 0.9988 0.9848
120 0.9987 0.9848
121 0.9988 0.9833
122 0.999 0.9843
123 0.9988 0.9843
124 0.9988 0.9848
125 0.9988 0.9843
126 0.9988 0.9848
127 0.9986 0.9848
128 0.999 0.9838
129 0.9988 0.9848
130 0.9988 0.9848
131 0.9988 0.9854
132 0.999 0.9859
133 0.999 0.9848
134 0.9988 0.9848
135 0.9989 0.9854
136 0.9987 0.9848
137 0.9988 0.9854
138 0.9987 0.9848
139 0.999 0.9848
140 0.9988 0.9854
141 0.9991 0.9854
142 0.9988 0.9854
143 0.9989 0.9854
144 0.9989 0.9854
145 0.9988 0.9854
146 0.9989 0.9854
147 0.9991 0.9854
148 0.9991 0.9859
149 0.9988 0.9859
150 0.9988 0.9859
151 0.9989 0.9859
152 0.9989 0.9854
153 0.9989 0.9854
154 0.9989 0.9854
155 0.9988 0.9854
156 0.9988 0.9848
157 0.9988 0.9833
158 0.9989 0.9843
159 0.9988 0.9848
160 0.9988 0.9848
161 0.9988 0.9848
162 0.9989 0.9848
163 0.9989 0.9848
164 0.9989 0.9848
165 0.999 0.9843
166 0.999 0.9848
167 0.999 0.9848
168 0.9991 0.9854
169 0.999 0.9854
170 0.999 0.9854
171 0.9988 0.9854
172 0.9988 0.9854
173 0.999 0.9854
174 0.9988 0.9854
175 0.9989 0.9859
176 0.999 0.9859
177 0.9988 0.9864
178 0.999 0.9848
179 0.9989 0.9859
180 0.9991 0.9864
181 0.9988 0.9864
182 0.999 0.9859
183 0.999 0.9859
184 0.9988 0.9864
185 0.9989 0.9854
186 0.9988 0.9859
187 0.9989 0.9864
188 0.9988 0.9859
189 0.9988 0.9854
190 0.999 0.9854
191 0.9989 0.9854
192 0.9989 0.9864
193 0.9989 0.9869
194 0.9989 0.9854
195 0.9988 0.9869
196 0.9991 0.9864
197 0.999 0.9869
198 0.9991 0.9874
199 0.9991 0.9869
200 0.9989 0.9864
201 0.9989 0.9869
202 0.9989 0.9874
203 0.9991 0.9874
204 0.9989 0.9869
205 0.999 0.9874
206 0.9989 0.9869
207 0.9988 0.9869
208 0.9988 0.9874
209 0.9989 0.9869
210 0.9991 0.9869
211 0.9991 0.9869
212 0.9991 0.9869
213 0.999 0.9864
214 0.999 0.9864
215 0.999 0.9864
216 0.999 0.9869
217 0.9989 0.9864
218 0.999 0.9869
219 0.9988 0.9864
220 0.999 0.9864
221 0.9989 0.9869
222 0.999 0.9864
223 0.9991 0.9864
224 0.9989 0.9859
225 0.9988 0.9864
226 0.9988 0.9869
227 0.999 0.9859
228 0.9991 0.9869
229 0.9991 0.9869
230 0.9991 0.9869
231 0.999 0.9864
232 0.9991 0.9864
233 0.9991 0.9864
234 0.9989 0.9869
235 0.9991 0.9864
401 0.9989 0.9859
402 0.999 0.9864
403 0.9991 0.9848
404 0.9989 0.9854
405 0.9988 0.9854
406 0.999 0.9854
407 0.9989 0.9859
408 0.9989 0.9864
409 0.999 0.9854
410 0.9989 0.9854
411 0.999 0.9854
412 0.9991 0.9864
413 0.9989 0.9864
414 0.9988 0.9854
415 0.9989 0.9859
416 0.9989 0.9854
417 0.999 0.9848
418 0.9991 0.9859
419 0.999 0.9859
420 0.9989 0.9854
421 0.9989 0.9854
422 0.999 0.9859
423 0.999 0.9854
424 0.9991 0.9854
425 0.999 0.9848
426 0.999 0.9864
427 0.9989 0.9854
428 0.9989 0.9859
429 0.9988 0.9854
430 0.999 0.9854
431 0.9989 0.9854
432 0.9988 0.9854
433 0.9991 0.9859
434 0.999 0.9854
435 0.999 0.9854
436 0.999 0.9854
437 0.9989 0.9854
438 0.9989 0.9864
439 0.999 0.9859
440 0.999 0.9854
441 0.9991 0.9864
442 0.9988 0.9859
443 0.999 0.9859
444 0.9988 0.9854
445 0.9991 0.9848
446 0.999 0.9854
447 0.999 0.9854
448 0.999 0.9859
449 0.9989 0.9859
450 0.9989 0.9859
451 0.999 0.9848
452 0.9989 0.9848
453 0.9991 0.9864
454 0.999 0.9848
455 0.999 0.9854
456 0.9991 0.9859
457 0.9988 0.9864
458 0.9988 0.9848
459 0.9988 0.9854
460 0.999 0.9854
461 0.9988 0.9859
462 0.9988 0.9854
463 0.9989 0.9864
464 0.9989 0.9864
465 0.9989 0.9859
466 0.999 0.9854
467 0.999 0.9848
468 0.999 0.9854
469 0.9988 0.9859
470 0.9988 0.9859
471 0.9989 0.9848
472 0.9989 0.9854
473 0.999 0.9859
474 0.9989 0.9854
475 0.999 0.9854
476 0.9991 0.9859
477 0.9991 0.9848
478 0.999 0.9864
479 0.9988 0.9854
480 0.999 0.9859
481 0.9989 0.9864
482 0.9989 0.9848
483 0.9989 0.9854
484 0.999 0.9864
485 0.999 0.9854
486 0.9989 0.9859
487 0.999 0.9859
488 0.9991 0.9854
489 0.9989 0.9848
490 0.9989 0.9859
491 0.9989 0.9859
492 0.9988 0.9848
493 0.9988 0.9854
494 0.999 0.9848
495 0.9991 0.9848
496 0.9989 0.9864
497 0.9989 0.9854
498 0.999 0.9859
499 0.9988 0.9854
500 0.999 0.9859
501 0.999 0.9848
502 0.9988 0.9854
503 0.9988 0.9859
504 0.9988 0.9859
505 0.999 0.9854
506 0.9988 0.9854
507 0.9989 0.9859
508 0.999 0.9854
509 0.9991 0.9854
510 0.9988 0.9859
511 0.9991 0.9864
512 0.9991 0.9864
513 0.9989 0.9859
514 0.9989 0.9859
515 0.999 0.9848
516 0.999 0.9859
517 0.9989 0.9854
518 0.9991 0.9848
519 0.9991 0.9859
520 0.9991 0.9859
521 0.9991 0.9854
522 0.999 0.9859
523 0.999 0.9854
524 0.999 0.9854
525 0.9989 0.9848
526 0.999 0.9859
527 0.9991 0.9854
528 0.9988 0.9854
529 0.9988 0.9854
530 0.9988 0.9864
531 0.9988 0.9854
532 0.9989 0.9864
533 0.9989 0.9848
534 0.9988 0.9859
535 0.9991 0.9848
536 0.9989 0.9859
537 0.9988 0.9854
538 0.9989 0.9864
539 0.9991 0.9854
540 0.9989 0.9859
541 0.9989 0.9854
542 0.9989 0.9854
543 0.999 0.9859
544 0.999 0.9859
545 0.999 0.9864
546 0.9989 0.9859
547 0.999 0.9854
548 0.9989 0.9864
549 0.9991 0.9854
550 0.9989 0.9848
551 0.9988 0.9859
552 0.9988 0.9859
553 0.999 0.9854
554 0.9989 0.9854
555 0.9989 0.9848
556 0.9988 0.9854
557 0.999 0.9848
558 0.9988 0.9864
559 0.9991 0.9854
560 0.9988 0.9854
561 0.9988 0.9854
562 0.9988 0.9854
563 0.999 0.9848
564 0.9988 0.9859
565 0.9988 0.9854
566 0.999 0.9854
567 0.9991 0.9854
568 0.9988 0.9859
569 0.9989 0.9848
570 0.9988 0.9854
571 0.999 0.9859
572 0.9989 0.9854
573 0.9989 0.9864
574 0.9991 0.9864
575 0.9989 0.9859
576 0.9988 0.9848
577 0.9988 0.9854
578 0.999 0.9864
579 0.9989 0.9859
580 0.999 0.9848
581 0.999 0.9848
582 0.9991 0.9859
583 0.9988 0.9848
584 0.9989 0.9854
585 0.9991 0.9854
586 0.999 0.9854
587 0.999 0.9854
588 0.999 0.9854
589 0.9989 0.9854
590 0.9989 0.9859
591 0.9991 0.9854
592 0.9989 0.9848
593 0.9988 0.9854
594 0.9988 0.9854
595 0.9991 0.9854
596 0.9991 0.9848
597 0.999 0.9854
598 0.999 0.9854
599 0.999 0.9854
600 0.9991 0.9854
601 0.9988 0.9864
602 0.9991 0.9864
603 0.9989 0.9854
604 0.9989 0.9854
605 0.9988 0.9859
606 0.999 0.9859
607 0.9991 0.9859
608 0.9988 0.9854
609 0.9989 0.9848
610 0.9989 0.9859
611 0.999 0.9859
612 0.9989 0.9859
613 0.9989 0.9859
614 0.9989 0.9859
615 0.999 0.9854
616 0.9989 0.9854
617 0.999 0.9859
618 0.999 0.9859
619 0.9988 0.9854
620 0.9989 0.9859
621 0.999 0.9854
622 0.999 0.9848
623 0.9988 0.9848
624 0.999 0.9848
625 0.9988 0.9864
626 0.999 0.9854
627 0.9989 0.9859
628 0.9989 0.9854
629 0.9988 0.9848
630 0.9991 0.9859
631 0.9988 0.9854
632 0.999 0.9854
633 0.9988 0.9848
634 0.9989 0.9854
635 0.9991 0.9854
636 0.9989 0.9864
637 0.9988 0.9859
638 0.999 0.9864
639 0.9989 0.9848
640 0.9991 0.9848
641 0.9991 0.9859
642 0.999 0.9859
643 0.9989 0.9854
644 0.9989 0.9854
645 0.999 0.9864
646 0.9991 0.9859
647 0.9991 0.9854
648 0.9991 0.9854
649 0.9991 0.9854
650 0.9989 0.9864
651 0.999 0.9854
652 0.9989 0.9854
653 0.999 0.9859
654 0.9989 0.9854
655 0.9989 0.9854
656 0.9991 0.9859
657 0.9991 0.9854
658 0.999 0.9859
659 0.9989 0.9848
660 0.9988 0.9848
661 0.9989 0.9854
662 0.9991 0.9854
663 0.9989 0.9859
664 0.999 0.9864
665 0.999 0.9854
666 0.999 0.9854
667 0.999 0.9854
668 0.9991 0.9864
669 0.9989 0.9859
670 0.999 0.9864
671 0.9989 0.9854
672 0.9988 0.9854
673 0.999 0.9854
674 0.9988 0.9864
675 0.9991 0.9854
676 0.9988 0.9859
677 0.9989 0.9854
678 0.9991 0.9859
679 0.9989 0.9854
680 0.9988 0.9848
681 0.9988 0.9864
682 0.999 0.9854
683 0.9989 0.9854
684 0.9991 0.9854
685 0.999 0.9859
686 0.999 0.9864
687 0.999 0.9864
688 0.9991 0.9848
689 0.9988 0.9859
690 0.999 0.9848
691 0.9989 0.9848
692 0.9988 0.9859
693 0.999 0.9859
694 0.9991 0.9859
695 0.999 0.9848
696 0.9989 0.9848
697 0.9989 0.9864
698 0.999 0.9859
699 0.9989 0.9864
700 0.9988 0.9854
701 0.9989 0.9848
702 0.999 0.9854
703 0.9988 0.9848
704 0.9991 0.9854
705 0.9989 0.9859
706 0.999 0.9859
707 0.9989 0.9854
708 0.999 0.9859
709 0.9989 0.9854
710 0.9991 0.9854
711 0.9991 0.9864
712 0.9991 0.9859
713 0.9989 0.9854
714 0.9989 0.9848
715 0.9989 0.9854
716 0.999 0.9859
717 0.9991 0.9859
718 0.999 0.9854
719 0.9988 0.9854
720 0.9991 0.9854
721 0.9989 0.9854
722 0.9989 0.9848
723 0.9991 0.9864
724 0.999 0.9864
725 0.999 0.9864
726 0.999 0.9854
727 0.9989 0.9848
728 0.9989 0.9859
729 0.999 0.9854
730 0.9989 0.9848
731 0.9989 0.9859
732 0.9988 0.9854
733 0.9989 0.9854
734 0.999 0.9848
735 0.999 0.9848
736 0.999 0.9854
737 0.9988 0.9859
738 0.9989 0.9854
739 0.999 0.9859
740 0.999 0.9854
741 0.9989 0.9864
742 0.9989 0.9864
743 0.9988 0.9854
744 0.9988 0.9859
745 0.9991 0.9848
746 0.9988 0.9848
747 0.9988 0.9848
748 0.9988 0.9854
749 0.9988 0.9864
750 0.999 0.9859
751 0.9989 0.9864
752 0.999 0.9848
753 0.999 0.9848
754 0.9988 0.9854
755 0.999 0.9854
756 0.999 0.9859
757 0.9991 0.9854
758 0.9989 0.9854
759 0.999 0.9859
760 0.9988 0.9848
761 0.9989 0.9854
762 0.9988 0.9859
763 0.9988 0.9859
764 0.9988 0.9859
765 0.999 0.9859
766 0.9988 0.9848
767 0.999 0.9854
768 0.999 0.9848
769 0.9989 0.9854
770 0.9989 0.9864
771 0.9991 0.9848
772 0.9988 0.9864
773 0.9991 0.9848
774 0.9991 0.9848
775 0.9991 0.9854
776 0.9988 0.9848
777 0.999 0.9854
778 0.999 0.9854
779 0.9991 0.9854
780 0.9989 0.9848
781 0.999 0.9854
782 0.9991 0.9864
783 0.999 0.9859
784 0.999 0.9859
785 0.9989 0.9848
786 0.9988 0.9864
787 0.9989 0.9864
788 0.999 0.9859
789 0.999 0.9864
790 0.9989 0.9864
791 0.9989 0.9848
792 0.9989 0.9848
793 0.999 0.9859
794 0.9989 0.9854
795 0.999 0.9864
796 0.999 0.9854
797 0.9988 0.9854
798 0.999 0.9848
799 0.9989 0.9848
800 0.999 0.9864
801 0.9988 0.9864
802 0.9988 0.9854
803 0.9988 0.9859
804 0.9989 0.9859
805 0.9988 0.9854
806 0.9988 0.9848
807 0.9991 0.9848
808 0.9989 0.9848
809 0.999 0.9854
810 0.9988 0.9864
811 0.9989 0.9854
812 0.9989 0.9864
813 0.9988 0.9854
814 0.999 0.9848
815 0.9988 0.9854
816 0.9989 0.9859
817 0.9991 0.9848
818 0.9991 0.9859
819 0.999 0.9864
820 0.999 0.9854
821 0.9988 0.9854
822 0.9989 0.9859
823 0.999 0.9854
824 0.9989 0.9859
825 0.9989 0.9864
826 0.9988 0.9859
827 0.9989 0.9864
828 0.9991 0.9864
829 0.9989 0.9854
830 0.999 0.9854
831 0.9989 0.9864
832 0.999 0.9854
833 0.9988 0.9854
834 0.999 0.9848
835 0.9991 0.9854
836 0.999 0.9848
837 0.9989 0.9854
838 0.999 0.9848
839 0.9988 0.9854
840 0.9991 0.9854
841 0.9991 0.9859
842 0.9988 0.9854
843 0.9989 0.9864
844 0.9988 0.9859
845 0.999 0.9854
846 0.9991 0.9854
847 0.999 0.9854
848 0.999 0.9848
849 0.9991 0.9854
850 0.9988 0.9864
851 0.999 0.9864
852 0.9989 0.9854
853 0.9989 0.9854
854 0.9988 0.9854
855 0.9988 0.9854
856 0.9991 0.9854
857 0.9991 0.9859
858 0.9988 0.9864
859 0.999 0.9859
860 0.9988 0.9848
861 0.9989 0.9854
862 0.9989 0.9854
863 0.9988 0.9848
864 0.999 0.9854
865 0.9989 0.9859
866 0.9989 0.9854
867 0.9989 0.9859
868 0.9988 0.9854
869 0.9991 0.9848
870 0.9989 0.9854
871 0.9991 0.9848
872 0.999 0.9859
873 0.999 0.9854
874 0.9991 0.9864
875 0.9988 0.9854
876 0.999 0.9854
877 0.9989 0.9859
878 0.999 0.9848
879 0.9989 0.9854
880 0.9988 0.9864
881 0.9989 0.9854
882 0.9989 0.9854
883 0.999 0.9848
884 0.999 0.9848
885 0.9989 0.9859
886 0.9991 0.9854
887 0.9989 0.9859
888 0.9989 0.9854
889 0.9988 0.9848
890 0.9991 0.9854
891 0.9989 0.9859
892 0.999 0.9854
893 0.9989 0.9854
894 0.9991 0.9848
895 0.999 0.9864
896 0.9991 0.9854
897 0.9989 0.9854
898 0.9991 0.9859
899 0.9989 0.9859
900 0.999 0.9848
901 0.9991 0.9864
902 0.9988 0.9854
903 0.9989 0.9854
904 0.999 0.9848
905 0.9988 0.9848
906 0.9989 0.9854
907 0.9988 0.9854
908 0.9991 0.9859
909 0.9989 0.9848
910 0.9991 0.9859
911 0.9989 0.9859
912 0.9988 0.9859
913 0.9989 0.9848
914 0.9988 0.9848
915 0.9991 0.9854
916 0.9989 0.9854
917 0.9989 0.9854
918 0.9989 0.9854
919 0.9989 0.9864
920 0.9989 0.9859
921 0.9988 0.9859
922 0.9988 0.9854
923 0.9989 0.9854
924 0.9989 0.9859
925 0.9991 0.9864
926 0.9989 0.9854
927 0.9989 0.9864
928 0.9989 0.9848
929 0.9991 0.9848
930 0.9988 0.9848
931 0.9988 0.9848
932 0.999 0.9854
933 0.9989 0.9848
934 0.9988 0.9864
935 0.9988 0.9848
936 0.9991 0.9854
937 0.9991 0.9859
938 0.9989 0.9864
939 0.9991 0.9848
940 0.9988 0.9848
941 0.999 0.9854
942 0.999 0.9848
943 0.9991 0.9854
944 0.9989 0.9864
945 0.9991 0.9864
946 0.9988 0.9854
947 0.9989 0.9854
948 0.9991 0.9859
949 0.9988 0.9854
950 0.9989 0.9859
951 0.9991 0.9854
952 0.9989 0.9848
953 0.999 0.9854
954 0.9988 0.9854
955 0.9988 0.9859
956 0.999 0.9854
957 0.9991 0.9848
958 0.9988 0.9848
959 0.9989 0.9854
960 0.9989 0.9859
961 0.9988 0.9854
962 0.9988 0.9854
963 0.9988 0.9859
964 0.999 0.9854
965 0.999 0.9859
966 0.999 0.9854
967 0.999 0.9848
968 0.9989 0.9854
969 0.999 0.9848
970 0.9989 0.9854
971 0.9989 0.9848
972 0.9989 0.9859
973 0.9988 0.9864
974 0.9991 0.9859
975 0.999 0.9859
976 0.9989 0.9848
977 0.9989 0.9848
978 0.9989 0.9854
979 0.999 0.9854
980 0.9991 0.9854
981 0.9991 0.9848
982 0.9989 0.9854
983 0.9988 0.9854
984 0.9991 0.9848
985 0.9989 0.9854
986 0.999 0.9854
987 0.9988 0.9854
988 0.9991 0.9848
989 0.999 0.9859
990 0.999 0.9859
991 0.9988 0.9854
992 0.9991 0.9854
993 0.9989 0.9859
994 0.9991 0.9848
995 0.999 0.9854
996 0.999 0.9864
997 0.9988 0.9848
998 0.9989 0.9859
999 0.9989 0.9854
1000 0.9991 0.9864
