1 0.6363 0.9198 0.5907 0.9631
2 0.5731 0.9816 0.5788 0.9727
3 0.5649 0.9883 0.5789 0.9742
4 0.5625 0.99 0.5733 0.9773
5 0.5598 0.993 0.5686 0.9818
6 0.5586 0.9933 0.5681 0.9833
7 0.5577 0.9945 0.579 0.9732
8 0.5571 0.995 0.5687 0.9823
9 0.5563 0.9956 0.5712 0.9808
10 0.5575 0.9944 0.5753 0.9788
11 0.5563 0.9956 0.5671 0.9843
12 0.557 0.9944 0.5681 0.9833
13 0.5564 0.9953 0.5711 0.9793
14 0.5562 0.9956 0.5671 0.9843
15 0.5571 0.9946 0.5672 0.9833
16 0.5569 0.9949 0.5687 0.9843
17 0.5567 0.9949 0.5704 0.9808
18 0.5558 0.9958 0.5716 0.9788
19 0.5563 0.9956 0.5726 0.9798
20 0.5565 0.9951 0.5664 0.9854
21 0.5579 0.9938 0.5875 0.9626
22 0.5564 0.9953 0.573 0.9788
23 0.5559 0.9954 0.5683 0.9828
24 0.5564 0.9953 0.5705 0.9813
25 0.5557 0.9959 0.5685 0.9833
26 0.5565 0.9949 0.5724 0.9788
27 0.5551 0.9966 0.569 0.9818
28 0.5561 0.9954 0.5675 0.9843
29 0.556 0.9958 0.5778 0.9737
30 0.556 0.9956 0.5678 0.9838
31 0.5546 0.9969 0.5721 0.9788
32 0.5549 0.9966 0.5724 0.9793
33 0.5554 0.9962 0.5694 0.9833
34 0.5561 0.9955 0.5683 0.9838
35 0.5565 0.9953 0.5683 0.9838
36 0.5562 0.9953 0.569 0.9813
37 0.5557 0.996 0.568 0.9838
38 0.5561 0.9953 0.5706 0.9803
39 0.5557 0.9959 0.5689 0.9823
40 0.5559 0.9954 0.5693 0.9818
41 0.5555 0.996 0.5669 0.9848
42 0.5557 0.9956 0.5699 0.9813
43 0.5557 0.9958 0.5718 0.9793
44 0.5556 0.996 0.569 0.9818
45 0.5556 0.996 0.5685 0.9823
46 0.555 0.9965 0.5812 0.9687
47 0.5552 0.9961 0.5657 0.9854
48 0.5556 0.9959 0.5662 0.9869
49 0.5552 0.9964 0.5706 0.9808
50 0.5555 0.9959 0.6052 0.9465
51 0.555 0.9966 0.5665 0.9854
52 0.5549 0.9966 0.5684 0.9828
53 0.5549 0.9968 0.5727 0.9788
54 0.5554 0.9961 0.5666 0.9854
55 0.5548 0.9967 0.5703 0.9808
56 0.5546 0.9969 0.568 0.9833
57 0.5547 0.9966 0.5703 0.9803
58 0.5546 0.9969 0.5664 0.9848
59 0.5548 0.9966 0.5747 0.9763
60 0.5552 0.9961 0.566 0.9854
61 0.5541 0.9974 0.5697 0.9808
62 0.5548 0.9967 0.5679 0.9833
63 0.5541 0.9974 0.5676 0.9843
64 0.555 0.9965 0.5726 0.9788
65 0.5561 0.9954 0.5712 0.9798
66 0.5548 0.9968 0.5655 0.9859
67 0.5546 0.997 0.5681 0.9828
68 0.554 0.9974 0.567 0.9843
69 0.5538 0.9978 0.5649 0.9869
70 0.5537 0.9978 0.5678 0.9833
71 0.5537 0.9978 0.5663 0.9848
72 0.554 0.9974 0.5659 0.9848
73 0.5539 0.9975 0.5661 0.9843
74 0.5543 0.9971 0.5783 0.9747
75 0.5546 0.9969 0.5673 0.9838
76 0.5546 0.997 0.5675 0.9828
77 0.5542 0.9972 0.5668 0.9833
78 0.5545 0.9971 0.5702 0.9803
79 0.5545 0.9971 0.5658 0.9854
80 0.5547 0.9969 0.5645 0.9874
81 0.5542 0.9974 0.5651 0.9869
82 0.5544 0.9971 0.5661 0.9854
83 0.5536 0.9979 0.5675 0.9843
84 0.5537 0.9977 0.5655 0.9854
85 0.5534 0.9981 0.5648 0.9864
86 0.554 0.9974 0.5697 0.9818
87 0.5545 0.997 0.5676 0.9833
88 0.5551 0.9965 0.5688 0.9823
89 0.5543 0.9973 0.5661 0.9838
90 0.5541 0.9975 0.5672 0.9838
91 0.554 0.9974 0.5676 0.9838
92 0.5549 0.9965 0.5674 0.9843
93 0.5549 0.9967 0.5651 0.9864
94 0.5549 0.9967 0.5699 0.9818
95 0.5556 0.9958 0.5654 0.9854
96 0.5542 0.9973 0.5646 0.9864
97 0.5541 0.9974 0.5637 0.9884
98 0.5541 0.9973 0.5631 0.9889
99 0.5549 0.9964 0.5655 0.9854
100 0.5542 0.9973 0.566 0.9854
101 0.5541 0.9975 0.5653 0.9859
102 0.5541 0.9974 0.5654 0.9859
103 0.5545 0.9969 0.5654 0.9859
104 0.5542 0.9974 0.567 0.9833
105 0.5543 0.9972 0.567 0.9843
106 0.5538 0.9977 0.5648 0.9874
107 0.5538 0.9977 0.5663 0.9848
108 0.5535 0.9979 0.566 0.9854
109 0.554 0.9975 0.5686 0.9833
110 0.5539 0.9976 0.5676 0.9833
111 0.5544 0.9971 0.5665 0.9848
112 0.5544 0.997 0.5725 0.9788
113 0.5539 0.9977 0.5686 0.9818
114 0.5535 0.998 0.5679 0.9833
115 0.5544 0.9971 0.5713 0.9798
116 0.5548 0.9966 0.5651 0.9854
117 0.5541 0.9974 0.5643 0.9879
118 0.5542 0.9973 0.5658 0.9859
119 0.5546 0.9967 0.5666 0.9848
120 0.554 0.9976 0.5654 0.9854
121 0.5544 0.997 0.5665 0.9843
122 0.5541 0.9976 0.5674 0.9838
123 0.5544 0.997 0.5657 0.9864
124 0.5551 0.9962 0.5678 0.9838
125 0.5543 0.9972 0.5657 0.9859
126 0.5535 0.9981 0.5663 0.9848
127 0.5535 0.9981 0.5641 0.9869
128 0.5536 0.9979 0.5668 0.9838
129 0.5542 0.9972 0.567 0.9838
130 0.5542 0.9972 0.5693 0.9818
131 0.5544 0.997 0.5664 0.9854
132 0.554 0.9975 0.5643 0.9879
133 0.554 0.9975 0.5659 0.9854
134 0.5546 0.997 0.5655 0.9859
135 0.5551 0.9964 0.5693 0.9823
136 0.555 0.9964 0.566 0.9848
137 0.5541 0.9974 0.5696 0.9813
138 0.5541 0.9974 0.5664 0.9864
139 0.5544 0.9972 0.566 0.9848
140 0.5538 0.9977 0.5674 0.9833
141 0.5536 0.9978 0.5659 0.9854
142 0.5533 0.9982 0.5666 0.9843
143 0.5537 0.9977 0.5668 0.9843
144 0.5532 0.9983 0.5669 0.9843
145 0.5535 0.998 0.5692 0.9823
146 0.5547 0.997 0.5657 0.9854
147 0.5541 0.9974 0.5642 0.9864
148 0.5537 0.9977 0.5639 0.9879
149 0.5543 0.9972 0.5659 0.9859
150 0.5539 0.9976 0.5662 0.9848
151 0.5542 0.9973 0.5684 0.9828
152 0.5539 0.9975 0.5654 0.9864
153 0.5543 0.9972 0.5686 0.9823
154 0.5545 0.9968 0.568 0.9833
155 0.555 0.9963 0.5672 0.9838
156 0.5542 0.9973 0.57 0.9813
157 0.5541 0.9972 0.5672 0.9838
158 0.5538 0.9977 0.5675 0.9838
159 0.553 0.9984 0.5675 0.9838
160 0.5527 0.9988 0.5665 0.9843
161 0.5533 0.9981 0.566 0.9848
162 0.5533 0.9982 0.5646 0.9874
163 0.5531 0.9984 0.5647 0.9859
164 0.5533 0.9982 0.5655 0.9864
165 0.5533 0.9981 0.5718 0.9788
166 0.5532 0.9981 0.5646 0.9869
167 0.5535 0.9978 0.5642 0.9874
168 0.5535 0.9978 0.567 0.9843
169 0.5533 0.9981 0.5636 0.9874
170 0.5529 0.9986 0.5649 0.9864
171 0.553 0.9984 0.5668 0.9848
172 0.5533 0.9981 0.5679 0.9838
173 0.5536 0.998 0.5662 0.9848
174 0.5539 0.9978 0.569 0.9823
175 0.5542 0.9974 0.5681 0.9833
176 0.5538 0.9976 0.5676 0.9833
177 0.5543 0.9973 0.5692 0.9813
178 0.5541 0.9974 0.5664 0.9854
179 0.5545 0.997 0.5649 0.9864
180 0.5539 0.9977 0.5653 0.9854
181 0.5533 0.9982 0.5685 0.9818
182 0.5535 0.998 0.5707 0.9788
183 0.5541 0.9974 0.5639 0.9874
184 0.5538 0.9975 0.5669 0.9848
185 0.5535 0.9979 0.564 0.9869
186 0.5534 0.998 0.5644 0.9869
187 0.5532 0.9983 0.5643 0.9879
188 0.5534 0.9983 0.565 0.9859
189 0.5537 0.9977 0.566 0.9854
190 0.5537 0.9978 0.5668 0.9848
191 0.5536 0.9979 0.5658 0.9843
192 0.553 0.9985 0.5665 0.9848
193 0.5534 0.9981 0.5669 0.9843
194 0.5534 0.9981 0.5654 0.9854
195 0.5534 0.9981 0.5645 0.9869
196 0.5534 0.9981 0.5655 0.9854
197 0.5535 0.998 0.5651 0.9859
198 0.5533 0.9982 0.5656 0.9859
199 0.5542 0.9973 0.5713 0.9793
200 0.5542 0.9973 0.5659 0.9864
201 0.5537 0.9977 0.5642 0.9869
202 0.5531 0.9984 0.5639 0.9864
203 0.5533 0.9982 0.5645 0.9869
204 0.5534 0.9981 0.5646 0.9874
205 0.5533 0.9982 0.5651 0.9864
206 0.553 0.9985 0.5656 0.9859
207 0.5534 0.9981 0.5663 0.9848
208 0.5535 0.9979 0.5693 0.9813
209 0.5537 0.9978 0.5671 0.9843
210 0.5536 0.9979 0.5665 0.9848
211 0.5536 0.9978 0.5663 0.9848
212 0.5538 0.9977 0.5674 0.9838
213 0.5537 0.9977 0.5681 0.9828
214 0.5535 0.998 0.5662 0.9854
215 0.553 0.9984 0.5644 0.9869
216 0.5536 0.9979 0.5651 0.9864
217 0.5535 0.998 0.5659 0.9854
218 0.5536 0.998 0.5664 0.9843
219 0.5533 0.9983 0.5656 0.9869
220 0.553 0.9985 0.5675 0.9838
221 0.554 0.9974 0.568 0.9833
222 0.5543 0.9972 0.5683 0.9833
223 0.554 0.9974 0.567 0.9838
224 0.5536 0.998 0.5689 0.9828
225 0.5535 0.9978 0.5658 0.9854
226 0.5529 0.9987 0.5652 0.9859
227 0.5529 0.9985 0.5642 0.9874
228 0.5534 0.998 0.5641 0.9874
229 0.5532 0.9982 0.5642 0.9874
230 0.553 0.9984 0.5645 0.9864
231 0.5531 0.9984 0.5647 0.9864
232 0.5536 0.9979 0.5664 0.9854
233 0.5532 0.9984 0.5663 0.9854
234 0.5536 0.9979 0.5657 0.9848
235 0.5529 0.9984 0.5646 0.9864
236 0.5533 0.9981 0.5651 0.9869
237 0.5527 0.9987 0.5656 0.9854
238 0.5533 0.9981 0.5665 0.9843
239 0.553 0.9985 0.5635 0.9874
240 0.5531 0.9983 0.5652 0.9854
241 0.5534 0.9981 0.5659 0.9854
242 0.5534 0.9981 0.5684 0.9818
243 0.5536 0.9978 0.5664 0.9848
244 0.5534 0.9981 0.5662 0.9848
245 0.5529 0.9986 0.5641 0.9869
246 0.5533 0.9981 0.5632 0.9879
247 0.5536 0.9978 0.5679 0.9833
248 0.5529 0.9985 0.5651 0.9864
249 0.5531 0.9984 0.5655 0.9854
250 0.5536 0.9979 0.567 0.9843
251 0.5536 0.998 0.5665 0.9843
252 0.5538 0.9976 0.5655 0.9854
253 0.5533 0.9982 0.5649 0.9864
254 0.5531 0.9984 0.5662 0.9848
255 0.5532 0.9983 0.5656 0.9859
256 0.5531 0.9983 0.5657 0.9859
257 0.5531 0.9984 0.5669 0.9838
258 0.5532 0.9984 0.5667 0.9843
259 0.5532 0.9984 0.5656 0.9864
260 0.5531 0.9984 0.5649 0.9864
261 0.5527 0.9988 0.5649 0.9864
262 0.5528 0.9987 0.5656 0.9854
263 0.5533 0.9982 0.5682 0.9823
264 0.5534 0.9981 0.5657 0.9859
265 0.553 0.9985 0.5664 0.9843
266 0.5535 0.998 0.5663 0.9848
267 0.5539 0.9975 0.5671 0.9838
268 0.5529 0.9986 0.5645 0.9869
269 0.553 0.9984 0.5654 0.9874
270 0.5532 0.9983 0.5653 0.9859
271 0.5527 0.9988 0.5654 0.9864
272 0.5527 0.9987 0.5657 0.9854
273 0.5531 0.9983 0.5672 0.9843
274 0.5529 0.9985 0.5645 0.9869
275 0.5529 0.9984 0.5654 0.9859
276 0.5531 0.9984 0.566 0.9854
277 0.5532 0.9982 0.5654 0.9859
278 0.5535 0.998 0.5656 0.9859
279 0.5543 0.997 0.5691 0.9818
280 0.5544 0.997 0.5658 0.9859
281 0.5534 0.9981 0.5674 0.9838
282 0.553 0.9984 0.5668 0.9838
283 0.5533 0.9981 0.5643 0.9879
284 0.5534 0.998 0.5643 0.9869
285 0.5535 0.9981 0.5633 0.9884
286 0.5536 0.9978 0.568 0.9823
287 0.5536 0.9979 0.5666 0.9843
288 0.5531 0.9984 0.5702 0.9808
289 0.5534 0.9981 0.5701 0.9808
290 0.5529 0.9986 0.5664 0.9854
291 0.5533 0.9981 0.5664 0.9848
292 0.5538 0.9977 0.5667 0.9838
293 0.5541 0.9972 0.566 0.9859
294 0.5535 0.998 0.5683 0.9828
295 0.5533 0.9979 0.5672 0.9843
296 0.5531 0.9984 0.565 0.9854
297 0.5531 0.9984 0.5638 0.9879
298 0.5529 0.9985 0.5653 0.9859
299 0.5534 0.9979 0.5688 0.9823
300 0.553 0.9984 0.5682 0.9828
301 0.5532 0.9982 0.566 0.9854
302 0.553 0.9984 0.5643 0.9869
303 0.5528 0.9987 0.5667 0.9833
304 0.5534 0.998 0.5659 0.9859
305 0.5532 0.9983 0.5658 0.9864
306 0.5537 0.9978 0.5657 0.9848
307 0.5531 0.9984 0.5663 0.9854
308 0.5529 0.9987 0.5659 0.9859
309 0.5529 0.9986 0.5661 0.9848
310 0.5527 0.9988 0.5658 0.9848
311 0.5529 0.9985 0.5658 0.9854
312 0.553 0.9984 0.5667 0.9848
313 0.5534 0.9981 0.565 0.9859
314 0.5538 0.9975 0.5651 0.9869
315 0.5531 0.9984 0.5648 0.9869
316 0.5531 0.9984 0.5651 0.9864
317 0.5533 0.9981 0.5659 0.9854
318 0.5532 0.9983 0.5638 0.9874
319 0.5527 0.9988 0.5652 0.9854
320 0.5526 0.9989 0.5663 0.9848
321 0.5526 0.9989 0.5654 0.9864
322 0.5527 0.9988 0.5643 0.9874
323 0.553 0.9984 0.5668 0.9854
324 0.5528 0.9987 0.5656 0.9843
325 0.5531 0.9984 0.5655 0.9859
326 0.5532 0.9983 0.5631 0.9889
327 0.5532 0.9983 0.5632 0.9879
328 0.5527 0.9988 0.5626 0.9894
329 0.5526 0.9989 0.5634 0.9879
330 0.5526 0.9988 0.5633 0.9879
331 0.553 0.9984 0.5641 0.9869
332 0.5531 0.9984 0.5651 0.9864
333 0.553 0.9984 0.5649 0.9864
334 0.5531 0.9984 0.5647 0.9859
335 0.5529 0.9986 0.5668 0.9843
336 0.5532 0.9982 0.5652 0.9864
337 0.5531 0.9984 0.5661 0.9848
338 0.5529 0.9985 0.5642 0.9864
339 0.5532 0.9983 0.5638 0.9869
340 0.5528 0.9986 0.565 0.9864
341 0.5527 0.9988 0.5644 0.9869
342 0.5527 0.9988 0.5669 0.9843
343 0.5527 0.9988 0.566 0.9854
344 0.5526 0.9988 0.5668 0.9848
345 0.5525 0.999 0.5673 0.9833
346 0.5528 0.9987 0.5672 0.9838
347 0.5529 0.9985 0.5669 0.9843
348 0.5529 0.9985 0.5691 0.9818
349 0.5537 0.9977 0.5676 0.9838
350 0.5535 0.998 0.5645 0.9864
351 0.5532 0.9982 0.567 0.9838
352 0.5532 0.9983 0.5648 0.9864
353 0.5531 0.9984 0.5659 0.9848
354 0.5528 0.9986 0.5665 0.9848
355 0.5525 0.9989 0.5651 0.9864
356 0.5526 0.9988 0.5651 0.9859
357 0.5525 0.999 0.565 0.9864
358 0.553 0.9984 0.5651 0.9869
359 0.5532 0.9984 0.5647 0.9869
360 0.553 0.9984 0.565 0.9864
361 0.5527 0.9988 0.5643 0.9874
362 0.5528 0.9986 0.565 0.9864
363 0.5531 0.9984 0.5652 0.9859
364 0.5531 0.9982 0.5697 0.9803
365 0.5532 0.9983 0.5696 0.9818
366 0.553 0.9984 0.5677 0.9833
367 0.5529 0.9985 0.5665 0.9854
368 0.5528 0.9987 0.569 0.9813
369 0.5532 0.9982 0.5662 0.9848
370 0.5529 0.9985 0.5662 0.9848
371 0.5531 0.9982 0.5642 0.9874
372 0.5528 0.9988 0.5652 0.9859
373 0.5529 0.9985 0.5648 0.9869
374 0.5526 0.9989 0.5645 0.9874
375 0.5527 0.9988 0.5654 0.9864
376 0.5529 0.9986 0.5643 0.9864
377 0.5527 0.9988 0.5651 0.9859
378 0.5534 0.9981 0.5733 0.9788
379 0.5532 0.9983 0.5664 0.9838
380 0.5531 0.9984 0.5665 0.9848
381 0.553 0.9985 0.5656 0.9859
382 0.5532 0.9983 0.5646 0.9869
383 0.5529 0.9985 0.5647 0.9864
384 0.5528 0.9987 0.5658 0.9848
385 0.5529 0.9986 0.5654 0.9859
386 0.5527 0.9987 0.5671 0.9833
387 0.5527 0.9988 0.566 0.9854
388 0.553 0.9984 0.5669 0.9843
389 0.5529 0.9985 0.5668 0.9848
390 0.5528 0.9987 0.5665 0.9848
391 0.5527 0.9988 0.5662 0.9843
392 0.5527 0.9988 0.5663 0.9848
393 0.5529 0.9985 0.5672 0.9838
394 0.5535 0.9979 0.5676 0.9828
395 0.5533 0.998 0.5684 0.9828
396 0.5539 0.9974 0.566 0.9854
397 0.5528 0.9988 0.5656 0.9859
398 0.5527 0.9988 0.5654 0.9854
399 0.5527 0.9988 0.5661 0.9848
400 0.5532 0.9983 0.5636 0.9874
401 0.5529 0.9985 0.5645 0.9874
402 0.5525 0.9989 0.5648 0.9859
403 0.5525 0.999 0.5653 0.9864
404 0.5525 0.999 0.5652 0.9859
405 0.5526 0.9988 0.5658 0.9854
406 0.5526 0.9988 0.568 0.9833
407 0.553 0.9984 0.5675 0.9838
408 0.5535 0.9978 0.5666 0.9838
409 0.5531 0.9984 0.5672 0.9838
410 0.5531 0.9984 0.5661 0.9843
411 0.5531 0.9984 0.5649 0.9864
412 0.5528 0.9987 0.5659 0.9854
413 0.5531 0.9984 0.566 0.9848
414 0.5531 0.9982 0.5674 0.9838
415 0.5534 0.9979 0.5677 0.9838
416 0.5532 0.9983 0.5662 0.9848
417 0.553 0.9984 0.564 0.9874
418 0.5532 0.9982 0.567 0.9833
419 0.553 0.9985 0.564 0.9864
420 0.5532 0.9982 0.5647 0.9869
421 0.5528 0.9988 0.5635 0.9874
422 0.553 0.9984 0.5633 0.9884
423 0.5529 0.9986 0.5674 0.9833
424 0.553 0.9984 0.5663 0.9854
425 0.5528 0.9987 0.5645 0.9869
426 0.5532 0.9983 0.5632 0.9884
427 0.553 0.9984 0.5639 0.9874
428 0.5528 0.9987 0.563 0.9889
429 0.5528 0.9986 0.5633 0.9884
430 0.5527 0.9988 0.5645 0.9874
431 0.5525 0.9989 0.5649 0.9869
432 0.5527 0.9988 0.5638 0.9874
433 0.5534 0.998 0.5676 0.9833
434 0.5533 0.9981 0.5652 0.9869
435 0.5531 0.9983 0.5687 0.9818
436 0.5528 0.9988 0.5648 0.9864
437 0.5532 0.9981 0.5661 0.9843
438 0.5531 0.9983 0.566 0.9854
439 0.5536 0.9978 0.5664 0.9848
440 0.5528 0.9986 0.5655 0.9854
441 0.5528 0.9986 0.5653 0.9859
442 0.5531 0.9982 0.5656 0.9859
443 0.5529 0.9985 0.5654 0.9859
444 0.5525 0.999 0.5657 0.9854
445 0.5526 0.9988 0.5661 0.9848
446 0.5525 0.9989 0.5657 0.9859
447 0.5525 0.9989 0.5656 0.9859
448 0.5525 0.9989 0.5687 0.9823
449 0.5526 0.9989 0.5659 0.9848
450 0.5527 0.9988 0.5656 0.9859
451 0.5526 0.9988 0.5656 0.9848
452 0.5527 0.9988 0.5669 0.9838
453 0.5529 0.9985 0.5678 0.9833
454 0.5538 0.9977 0.5666 0.9848
455 0.5541 0.9974 0.5684 0.9823
456 0.5535 0.9979 0.5647 0.9864
457 0.553 0.9984 0.5651 0.9859
458 0.5528 0.9988 0.5662 0.9848
459 0.5526 0.9988 0.5659 0.9859
460 0.5526 0.9988 0.5657 0.9854
461 0.5523 0.9991 0.5657 0.9859
462 0.5525 0.999 0.5657 0.9859
463 0.5525 0.999 0.566 0.9848
464 0.5525 0.999 0.5657 0.9859
465 0.5525 0.999 0.5657 0.9854
466 0.5525 0.9989 0.5676 0.9833
467 0.5527 0.9988 0.5653 0.9859
468 0.5534 0.998 0.5671 0.9843
469 0.5528 0.9987 0.5675 0.9838
470 0.553 0.9985 0.5686 0.9828
471 0.5532 0.9983 0.5671 0.9848
472 0.5535 0.9978 0.567 0.9843
473 0.5529 0.9985 0.5659 0.9859
474 0.5528 0.9987 0.5653 0.9864
475 0.5527 0.9988 0.5656 0.9843
476 0.5526 0.9988 0.5652 0.9864
477 0.553 0.9984 0.5677 0.9833
478 0.5531 0.9984 0.5672 0.9838
479 0.553 0.9984 0.5673 0.9833
480 0.5528 0.9988 0.5673 0.9833
481 0.5531 0.9984 0.5657 0.9859
482 0.5527 0.9988 0.5667 0.9848
483 0.5536 0.9979 0.567 0.9843
484 0.5535 0.9979 0.5713 0.9798
485 0.5529 0.9985 0.5664 0.9854
486 0.5533 0.9982 0.5695 0.9813
487 0.553 0.9984 0.5666 0.9848
488 0.5529 0.9984 0.5667 0.9848
489 0.5528 0.9986 0.5662 0.9854
490 0.553 0.9984 0.5672 0.9838
491 0.553 0.9984 0.5672 0.9838
492 0.5543 0.997 0.5688 0.9823
493 0.5527 0.9988 0.5686 0.9823
494 0.5526 0.9989 0.5689 0.9823
495 0.5528 0.9987 0.5659 0.9854
496 0.5527 0.9987 0.5658 0.9854
497 0.5531 0.9983 0.5641 0.9874
498 0.5526 0.9988 0.5637 0.9879
499 0.5528 0.9986 0.5653 0.9859
500 0.5525 0.9989 0.5641 0.9874
