1 0.9319 0.9737
2 0.9706 0.9702
3 0.9784 0.9561
4 0.9801 0.9793
5 0.9837 0.9753
6 0.9842 0.9732
7 0.9876 0.9742
8 0.9859 0.9682
9 0.9865 0.9783
10 0.9875 0.9753
11 0.9872 0.9763
12 0.9894 0.9798
13 0.9914 0.9848
14 0.9893 0.9813
15 0.99 0.9808
16 0.9918 0.9803
17 0.9906 0.9798
18 0.9911 0.9798
19 0.9915 0.9737
20 0.9929 0.9626
21 0.9911 0.9818
22 0.9911 0.9717
23 0.9919 0.9763
24 0.9914 0.9793
25 0.9922 0.9798
26 0.9916 0.9808
27 0.9925 0.9823
28 0.9946 0.9793
29 0.9935 0.9828
30 0.9948 0.9843
31 0.9931 0.9783
32 0.9924 0.9798
33 0.9933 0.9828
34 0.9941 0.9813
35 0.9914 0.9833
36 0.9941 0.9848
37 0.9938 0.9803
38 0.9947 0.9803
39 0.9921 0.9778
40 0.994 0.9808
41 0.9944 0.9747
42 0.9944 0.9798
43 0.9946 0.9813
44 0.9949 0.9793
45 0.9938 0.9828
46 0.9942 0.9818
47 0.9953 0.9823
48 0.9946 0.9727
49 0.994 0.9773
50 0.9956 0.9813
51 0.9956 0.9813
52 0.9956 0.9848
53 0.9935 0.9843
54 0.9952 0.9823
55 0.9952 0.9808
56 0.9958 0.9823
57 0.9948 0.9828
58 0.9961 0.9793
59 0.9943 0.9823
60 0.9946 0.9818
61 0.9949 0.9833
62 0.996 0.9818
63 0.9951 0.9798
64 0.9953 0.9854
65 0.996 0.9859
66 0.9958 0.9818
67 0.996 0.9838
68 0.9956 0.9808
69 0.9959 0.9793
70 0.9961 0.9778
71 0.9967 0.9833
72 0.9952 0.9808
73 0.996 0.9833
74 0.9957 0.9818
75 0.9968 0.9818
76 0.9956 0.9813
77 0.9956 0.9854
78 0.9946 0.9828
79 0.9963 0.9813
80 0.9958 0.9773
81 0.9957 0.9833
82 0.997 0.9803
83 0.9963 0.9843
84 0.9968 0.9808
85 0.9964 0.9828
86 0.9961 0.9854
87 0.996 0.9833
88 0.9965 0.9843
89 0.9974 0.9848
90 0.9979 0.9864
91 0.9963 0.9838
92 0.9961 0.9818
93 0.9947 0.9813
94 0.9967 0.9828
95 0.9966 0.9818
96 0.9966 0.9747
97 0.9971 0.9813
98 0.9975 0.9838
99 0.9967 0.9813
100 0.9974 0.9813
101 0.9978 0.9828
102 0.9978 0.9838
103 0.9985 0.9833
104 0.9982 0.9833
105 0.9982 0.9848
106 0.9984 0.9848
107 0.9984 0.9848
108 0.9984 0.9838
109 0.9984 0.9838
110 0.9985 0.9833
111 0.9986 0.9828
112 0.9986 0.9828
113 0.9987 0.9828
114 0.9988 0.9828
115 0.9989 0.9848
116 0.9988 0.9843
117 0.9988 0.9838
118 0.9988 0.9828
119 0.9988 0.9828
120 0.9986 0.9833
121 0.999 0.9823
122 0.9988 0.9843
123 0.999 0.9843
124 0.9988 0.9848
125 0.9988 0.9838
126 0.9988 0.9843
127 0.9988 0.9838
128 0.9989 0.9838
129 0.9989 0.9838
130 0.9989 0.9848
131 0.9989 0.9848
132 0.9989 0.9848
133 0.9989 0.9848
134 0.9988 0.9823
135 0.9984 0.9833
136 0.9986 0.9848
137 0.999 0.9843
138 0.9989 0.9838
139 0.9988 0.9833
140 0.9988 0.9833
141 0.9991 0.9838
142 0.9988 0.9838
143 0.999 0.9833
144 0.9989 0.9838
145 0.9988 0.9843
146 0.999 0.9843
147 0.9991 0.9848
148 0.9989 0.9843
149 0.9991 0.9843
150 0.9988 0.9859
151 0.9991 0.9854
152 0.9991 0.9848
153 0.9991 0.9848
154 0.999 0.9848
155 0.9991 0.9838
156 0.9991 0.9843
157 0.9991 0.9843
158 0.9991 0.9843
159 0.9991 0.9848
160 0.9991 0.9848
161 0.9991 0.9843
162 0.9991 0.9843
163 0.999 0.9854
164 0.999 0.9843
165 0.9989 0.9838
166 0.9991 0.9838
167 0.999 0.9828
168 0.9991 0.9843
169 0.9991 0.9848
170 0.999 0.9854
171 0.9991 0.9838
172 0.9991 0.9854
173 0.999 0.9838
174 0.9989 0.9833
175 0.999 0.9823
176 0.9991 0.9823
177 0.9991 0.9823
178 0.9989 0.9833
179 0.9991 0.9833
180 0.9991 0.9833
181 0.9988 0.9843
182 0.999 0.9848
183 0.999 0.9854
184 0.999 0.9854
185 0.9991 0.9848
186 0.9992 0.9848
187 0.9991 0.9854
188 0.9991 0.9843
189 0.999 0.9848
190 0.9988 0.9843
191 0.999 0.9848
192 0.9991 0.9854
193 0.9991 0.9843
194 0.9991 0.9854
195 0.9991 0.9843
196 0.9989 0.9854
197 0.9991 0.9843
198 0.9992 0.9859
199 0.9991 0.9848
200 0.999 0.9854
201 0.999 0.9848
202 0.9991 0.9848
203 0.9992 0.9848
204 0.9991 0.9854
205 0.9991 0.9848
206 0.9991 0.9848
207 0.9991 0.9848
208 0.9991 0.9854
209 0.999 0.9859
210 0.9991 0.9859
211 0.9991 0.9854
212 0.9991 0.9859
213 0.9991 0.9848
214 0.9992 0.9854
215 0.9992 0.9848
216 0.9991 0.9843
217 0.9991 0.9848
218 0.999 0.9848
219 0.9991 0.9838
220 0.9991 0.9848
221 0.9992 0.9854
222 0.999 0.9843
223 0.9991 0.9838
224 0.9991 0.9854
225 0.9991 0.9843
226 0.9991 0.9854
227 0.9991 0.9838
228 0.9991 0.9843
229 0.999 0.9848
230 0.9991 0.9838
231 0.9991 0.9848
232 0.9991 0.9848
233 0.9991 0.9854
234 0.999 0.9854
235 0.9991 0.9854
236 0.9992 0.9848
237 0.9991 0.9854
238 0.9991 0.9854
239 0.9991 0.9854
240 0.9991 0.9843
241 0.9991 0.9843
242 0.9991 0.9848
243 0.9991 0.9854
244 0.999 0.9848
245 0.9991 0.9854
246 0.9991 0.9848
247 0.9991 0.9848
248 0.9991 0.9848
249 0.9991 0.9854
250 0.9991 0.9843
251 0.9992 0.9843
252 0.9991 0.9843
253 0.9991 0.9843
254 0.9991 0.9843
255 0.9991 0.9843
256 0.9991 0.9843
257 0.999 0.9848
258 0.9991 0.9843
259 0.999 0.9843
260 0.9991 0.9843
261 0.9992 0.9838
262 0.9991 0.9843
263 0.9991 0.9843
264 0.9991 0.9843
265 0.9991 0.9843
266 0.9991 0.9843
267 0.9991 0.9838
268 0.9991 0.9838
269 0.9991 0.9843
270 0.999 0.9843
271 0.9991 0.9843
272 0.9991 0.9843
273 0.999 0.9843
274 0.9991 0.9843
275 0.9991 0.9838
276 0.9991 0.9843
277 0.9991 0.9843
278 0.9991 0.9838
279 0.9991 0.9843
280 0.9991 0.9843
281 0.9991 0.9838
282 0.999 0.9843
283 0.9991 0.9843
284 0.9991 0.9838
285 0.999 0.9838
286 0.9991 0.9838
287 0.9991 0.9838
288 0.9991 0.9843
289 0.999 0.9838
290 0.9991 0.9838
291 0.9991 0.9838
292 0.999 0.9838
293 0.9991 0.9838
294 0.9991 0.9838
295 0.9991 0.9838
296 0.999 0.9838
297 0.9992 0.9843
298 0.9991 0.9838
299 0.9991 0.9843
300 0.9991 0.9843
301 0.9991 0.9843
302 0.9991 0.9848
303 0.9991 0.9838
304 0.9991 0.9843
305 0.9991 0.9843
306 0.9991 0.9843
307 0.9991 0.9838
308 0.9991 0.9843
309 0.9991 0.9838
310 0.9991 0.9843
311 0.9991 0.9838
312 0.9991 0.9838
313 0.9991 0.9838
314 0.9992 0.9843
315 0.9991 0.9838
316 0.9991 0.9838
317 0.999 0.9838
318 0.9992 0.9843
319 0.9991 0.9848
320 0.9991 0.9838
321 0.9991 0.9843
322 0.999 0.9838
323 0.9991 0.9843
324 0.9991 0.9838
325 0.999 0.9843
326 0.9991 0.9843
327 0.9992 0.9843
328 0.999 0.9843
329 0.9991 0.9843
330 0.9991 0.9838
331 0.9991 0.9838
332 0.9991 0.9843
333 0.999 0.9843
334 0.9991 0.9843
335 0.9991 0.9843
336 0.9991 0.9843
337 0.9991 0.9843
338 0.999 0.9838
339 0.9991 0.9843
340 0.9988 0.9843
341 0.9991 0.9848
342 0.999 0.9843
343 0.9991 0.9838
344 0.9991 0.9838
345 0.9991 0.9838
346 0.9991 0.9843
347 0.9991 0.9838
348 0.9991 0.9843
349 0.9991 0.9843
350 0.9991 0.9838
351 0.9991 0.9838
352 0.9991 0.9838
353 0.9991 0.9838
354 0.9991 0.9838
355 0.9991 0.9843
356 0.9991 0.9838
357 0.9991 0.9838
358 0.9991 0.9838
359 0.9991 0.9843
360 0.9991 0.9843
361 0.9991 0.9838
362 0.999 0.9838
363 0.9991 0.9843
364 0.9991 0.9843
365 0.9992 0.9833
366 0.9992 0.9843
367 0.9991 0.9838
368 0.9991 0.9843
369 0.9991 0.9843
370 0.9991 0.9843
371 0.9991 0.9843
372 0.9988 0.9843
373 0.9991 0.9843
374 0.9991 0.9843
375 0.9991 0.9838
376 0.9991 0.9843
377 0.9991 0.9843
378 0.9991 0.9848
379 0.9992 0.9838
380 0.9991 0.9843
381 0.999 0.9843
382 0.9991 0.9848
383 0.9991 0.9843
384 0.9991 0.9843
385 0.9992 0.9843
386 0.9991 0.9843
387 0.9991 0.9843
388 0.999 0.9843
389 0.9992 0.9843
390 0.999 0.9838
391 0.999 0.9843
392 0.9991 0.9843
393 0.999 0.9843
394 0.9991 0.9843
395 0.9991 0.9843
396 0.9991 0.9838
397 0.9991 0.9843
398 0.9991 0.9843
399 0.9991 0.9843
400 0.9991 0.9838
401 0.9991 0.9843
402 0.9991 0.9843
403 0.9992 0.9838
404 0.999 0.9838
405 0.9991 0.9843
406 0.9991 0.9843
407 0.999 0.9848
408 0.9991 0.9843
409 0.9992 0.9843
410 0.9991 0.9843
411 0.9991 0.9848
412 0.9991 0.9843
413 0.9991 0.9843
414 0.9991 0.9843
415 0.9991 0.9838
416 0.9991 0.9843
417 0.9991 0.9843
418 0.9991 0.9843
419 0.9991 0.9843
420 0.9991 0.9843
421 0.9991 0.9838
422 0.9991 0.9843
423 0.9991 0.9843
424 0.999 0.9843
425 0.9991 0.9838
426 0.9991 0.9843
427 0.9991 0.9838
428 0.9991 0.9843
429 0.9991 0.9848
430 0.9991 0.9843
431 0.9991 0.9838
432 0.9991 0.9843
433 0.9991 0.9843
434 0.9991 0.9848
435 0.9991 0.9838
436 0.999 0.9843
437 0.9991 0.9843
438 0.9991 0.9838
439 0.9991 0.9843
440 0.9991 0.9843
441 0.9991 0.9843
442 0.9991 0.9843
443 0.9992 0.9838
444 0.9991 0.9833
445 0.9991 0.9843
446 0.9991 0.9843
447 0.9991 0.9848
448 0.9991 0.9843
449 0.999 0.9838
450 0.9991 0.9843
451 0.9991 0.9843
452 0.9992 0.9838
453 0.9991 0.9843
454 0.9991 0.9843
455 0.9992 0.9843
456 0.9991 0.9843
457 0.9991 0.9848
458 0.9991 0.9838
459 0.9991 0.9843
460 0.9991 0.9843
461 0.9991 0.9848
462 0.9991 0.9843
463 0.9991 0.9843
464 0.9991 0.9843
465 0.9991 0.9843
466 0.9991 0.9843
467 0.9991 0.9843
468 0.9991 0.9843
469 0.9991 0.9843
470 0.999 0.9843
471 0.999 0.9843
472 0.999 0.9843
473 0.999 0.9843
474 0.9992 0.9838
475 0.9991 0.9843
476 0.999 0.9843
477 0.9991 0.9843
478 0.9991 0.9838
479 0.9989 0.9833
480 0.9992 0.9843
481 0.999 0.9843
482 0.9991 0.9843
483 0.9991 0.9843
484 0.999 0.9838
485 0.9991 0.9843
486 0.999 0.9843
487 0.9991 0.9843
488 0.9991 0.9843
489 0.9991 0.9838
490 0.9991 0.9843
491 0.9991 0.9838
492 0.9991 0.9838
493 0.999 0.9838
494 0.999 0.9843
495 0.9991 0.9838
496 0.9991 0.9848
497 0.9991 0.9843
498 0.9991 0.9843
499 0.9992 0.9848
500 0.9991 0.9843
501 0.9991 0.9838
502 0.9991 0.9843
503 0.9991 0.9843
504 0.9991 0.9848
505 0.9991 0.9838
506 0.9991 0.9843
507 0.9991 0.9843
508 0.9991 0.9843
509 0.9991 0.9843
510 0.9991 0.9843
511 0.9991 0.9838
512 0.9991 0.9843
513 0.999 0.9838
514 0.9991 0.9843
515 0.999 0.9843
516 0.9992 0.9843
517 0.9991 0.9843
518 0.9991 0.9843
519 0.9991 0.9843
520 0.9991 0.9843
521 0.9991 0.9843
522 0.9991 0.9843
523 0.9991 0.9843
524 0.9992 0.9843
525 0.9992 0.9843
526 0.9991 0.9843
527 0.9991 0.9833
528 0.9991 0.9843
529 0.999 0.9843
530 0.9991 0.9843
531 0.9992 0.9843
532 0.9992 0.9843
533 0.9991 0.9843
534 0.9991 0.9843
535 0.999 0.9843
536 0.999 0.9843
537 0.9991 0.9843
538 0.9992 0.9843
539 0.9992 0.9843
540 0.9991 0.9838
541 0.999 0.9843
542 0.9991 0.9843
543 0.9991 0.9843
544 0.9991 0.9843
545 0.9991 0.9843
546 0.9991 0.9843
547 0.999 0.9843
548 0.9991 0.9843
549 0.9991 0.9838
550 0.9991 0.9838
551 0.9991 0.9838
552 0.9991 0.9848
553 0.9991 0.9843
554 0.9991 0.9848
555 0.9992 0.9843
556 0.9991 0.9843
557 0.9991 0.9843
558 0.9992 0.9843
559 0.999 0.9838
560 0.9991 0.9848
561 0.9991 0.9843
562 0.9991 0.9843
563 0.9991 0.9843
564 0.9992 0.9843
565 0.9991 0.9843
566 0.9992 0.9843
567 0.999 0.9843
568 0.9991 0.9848
569 0.9991 0.9843
570 0.9991 0.9843
571 0.9992 0.9843
572 0.9991 0.9848
573 0.9991 0.9843
574 0.9991 0.9843
575 0.9991 0.9843
576 0.9991 0.9843
577 0.999 0.9843
578 0.9991 0.9843
579 0.9989 0.9843
580 0.9991 0.9843
581 0.9992 0.9843
582 0.9991 0.9843
583 0.9991 0.9848
584 0.999 0.9843
585 0.9991 0.9843
586 0.9991 0.9843
587 0.9992 0.9843
588 0.9992 0.9838
589 0.9991 0.9843
590 0.999 0.9843
591 0.9991 0.9843
592 0.9992 0.9838
593 0.9991 0.9838
594 0.9991 0.9843
595 0.9991 0.9848
596 0.9991 0.9843
597 0.999 0.9848
598 0.999 0.9838
599 0.9992 0.9843
600 0.9992 0.9843
601 0.999 0.9838
602 0.9991 0.9833
603 0.9991 0.9843
604 0.9991 0.9838
605 0.9991 0.9843
606 0.9991 0.9843
607 0.999 0.9843
608 0.9991 0.9838
609 0.999 0.9848
610 0.999 0.9843
